1	10.19	32	1707
2	4.40	74	326
3	6.56	32	851
4	11.63	127	1095
5	11.06	66	1353
6	17.71	49	955
7	4.88	38	1238
8	6.38	86	1594
9	0.33	60	1213
10	16.96	161	862
11	1.92	58	717
12	10.61	142	1354
13	21.95	36	507
14	13.61	119	777
15	26.08	143	1038
16	1.96	72	937
17	20.97	189	1780
18	16.68	151	2311
19	4.76	46	1093
20	40.25	152	1065
21	18.67	216	1281
22	12.19	157	856
23	8.11	93	773
24	0.67	95	1126
25	26.19	95	1162
26	5.91	207	711
27	7.45	65	670
28	11.95	164	985
29	29.90	77	934
30	14.49	89	513
31	16.63	63	1025
32	4.13	57	432
33	26.50	153	659
34	5.67	66	1047
35	7.64	52	1071
36	9.65	8	2479
37	19.38	46	1076
38	9.63	40	2287
39	12.93	48	439
40	4.46	81	682
41	5.19	94	1945
42	12.74	171	940
43	16.47	89	993
44	19.15	134	818
45	4.99	26	821
46	21.17	41	1016
47	4.89	113	1049
48	9.02	94	382
49	8.12	8	470
50	2.53	144	1114
51	22.27	158	1212
52	9.38	241	1022
53	31.91	114	1052
54	7.10	109	325
55	3.34	159	761
56	20.45	70	459
57	26.08	112	1230
58	9.86	113	1323
59	9.02	43	1268
60	2.74	88	1066
61	17.56	69	1341
62	7.54	146	672
63	10.01	12	1646
64	2.19	74	816
65	10.48	55	495
66	34.30	70	638
67	21.85	162	1282
68	3.46	81	962
69	23.40	54	560
70	12.32	29	939
71	5.01	61	684
72	24.60	13	1233
73	5.87	56	1803
74	0.97	64	1716
75	14.76	25	851
76	9.82	43	920
77	8.45	106	1422
78	5.24	132	1577
79	10.53	87	729
80	10.02	66	1129
81	7.01	163	1194
82	2.57	137	724
83	1.07	172	1100
84	17.04	1	1030
85	12.57	132	1325
86	7.41	57	1240
87	13.90	64	1123
88	8.55	20	1037
89	26.00	26	746
90	6.75	107	806
91	4.99	144	478
92	13.15	81	511
93	10.23	76	1198
94	22.84	74	1102
95	9.33	47	596
96	13.91	66	518
97	2.54	143	1168
98	3.15	56	1114
99	29.12	6	1054
100	13.93	112	800
101	10.25	19	1093
102	12.29	174	1291
103	6.22	78	1018
104	3.57	80	193
105	1.79	74	1200
106	8.47	71	886
107	6.26	13	941
108	11.24	99	674
109	6.58	50	844
110	8.13	75	696
111	11.72	100	2809
112	15.78	44	1186
113	16.66	125	627
114	1.92	20	430
115	3.52	133	1055
116	21.97	159	539
117	14.58	186	662
118	25.14	34	701
119	21.47	113	812
120	13.78	136	760
121	17.66	116	2115
122	7.66	78	749
123	18.47	105	949
124	3.97	116	781
125	10.54	61	690
126	6.07	32	947
127	3.15	22	929
128	18.05	74	1080
129	35.51	43	1465
130	1.94	67	749
131	13.48	54	1456
132	9.90	153	1666
133	2.85	92	1202
134	5.98	157	596
135	3.66	50	1501
136	5.27	102	493
137	14.51	64	602
138	9.34	9	1285
139	9.10	1	818
140	16.46	142	1180
141	8.65	120	881
142	15.58	119	894
143	13.87	164	508
144	3.22	148	960
145	29.39	50	1595
146	6.01	78	1133
147	24.69	55	819
148	9.73	107	915
149	3.58	62	1320
150	13.10	111	857
151	10.91	72	443
152	0.38	101	2193
153	7.15	141	1227
154	3.32	64	830
155	5.79	99	358
156	13.49	114	767
157	9.65	81	469
158	7.93	15	883
159	2.75	57	497
160	14.18	25	885
161	12.83	0	968
162	5.37	77	747
163	11.97	33	1110
164	0.43	160	1829
165	28.46	80	883
166	0.25	72	1571
167	11.18	99	798
168	6.14	26	640
169	10.23	2	1249
170	12.10	127	750
171	1.95	100	319
172	14.13	127	939
173	32.34	139	604
174	12.41	98	1409
175	8.53	111	450
176	7.54	103	378
177	25.29	147	1615
178	31.54	32	1406
179	23.74	78	270
180	10.98	8	795
181	15.66	138	986
182	0.17	82	701
183	19.08	88	1736
184	12.25	76	870
185	2.27	68	1058
186	13.80	95	446
187	26.68	57	1070
188	11.81	96	1428
189	11.41	163	929
190	10.76	148	1239
191	17.84	148	1491
192	9.50	187	1045
193	10.10	16	1088
194	7.10	75	890
195	9.59	125	1001
196	15.65	183	758
197	14.22	100	434
198	5.62	123	1350
199	18.44	120	883
200	1.65	49	1298
201	11.43	104	906
202	2.13	135	737
203	11.92	117	442
204	9.41	52	327
205	34.53	130	1226
206	25.97	217	1036
207	4.43	55	266
208	5.73	105	593
209	1.07	82	1069
210	4.56	61	785
211	26.17	43	562
212	5.07	143	1319
213	22.90	135	1798
214	25.92	52	923
215	11.27	102	1359
216	9.09	15	859
217	3.35	25	480
218	15.97	31	1308
219	7.11	122	1357
220	4.43	86	802
221	2.05	145	1374
222	32.16	6	983
223	22.20	134	1553
224	16.69	4	433
225	8.28	186	743
226	19.65	126	1415
227	7.53	17	558
228	10.73	96	1663
229	4.85	46	1281
230	4.26	73	1053
231	13.60	87	733
232	12.32	58	930
233	20.26	102	1437
234	14.75	24	2119
235	9.13	73	1243
236	5.68	97	1584
237	5.46	0	1794
238	38.32	27	1193
239	34.06	54	304
240	15.56	67	1095
241	4.10	106	818
242	21.06	23	1149
243	10.99	72	653
244	9.25	100	1106
245	7.10	90	942
246	1.89	67	843
247	0.26	162	549
248	8.86	79	704
249	6.33	173	843
250	18.24	66	1461
251	17.23	157	875
252	27.34	78	937
253	27.26	145	1154
254	16.41	89	1337
255	7.33	110	1019
256	16.71	60	743
257	28.51	25	285
258	4.96	138	474
259	29.33	88	650
260	26.07	72	1217
261	12.22	139	1550
262	11.18	52	1702
263	1.95	54	621
264	30.98	55	1633
265	16.34	77	930
266	13.43	48	803
267	1.66	102	1214
268	7.47	43	971
269	10.42	122	867
270	10.79	76	707
271	10.71	106	1617
272	12.81	63	1164
273	10.71	126	440
274	1.79	146	1451
275	6.30	105	1234
276	11.36	162	1156
277	21.08	12	1043
278	6.38	48	1683
279	14.87	59	1002
280	19.07	88	593
281	15.96	98	350
282	1.87	204	1112
283	7.24	68	298
284	2.03	83	763
285	16.25	6	846
286	17.25	106	751
287	31.43	43	681
288	22.92	41	1090
289	3.36	53	1624
290	12.04	12	396
291	18.54	11	735
292	6.80	107	453
293	12.56	113	838
294	4.98	100	1157
295	4.98	66	970
296	13.74	18	1040
297	15.97	97	1452
298	7.48	234	1054
299	12.26	73	938
300	13.40	180	859
301	2.58	89	1058
302	9.54	127	1118
303	7.57	136	850
304	7.08	81	522
305	16.94	58	983
306	13.60	67	994
307	7.21	46	895
308	5.68	89	705
309	11.16	21	1260
310	10.24	14	311
311	4.13	72	831
312	4.84	70	419
313	18.70	128	590
314	5.61	72	1255
315	5.82	73	411
316	14.51	84	1125
317	29.07	130	812
318	27.85	37	1173
319	3.40	14	848
320	18.44	88	894
321	12.38	185	945
322	31.07	54	867
323	15.74	74	355
324	14.33	79	1329
325	17.80	107	854
326	13.21	2	860
327	34.05	2	1543
328	5.67	106	1682
329	36.99	38	1151
330	39.17	16	985
331	4.32	56	1281
332	19.45	18	622
333	26.38	23	748
334	1.49	55	1063
335	11.28	93	642
336	0.51	122	1011
337	0.50	213	1288
338	23.67	192	1577
339	3.05	38	731
340	33.58	97	732
341	6.17	105	759
342	23.88	66	1429
343	6.54	23	424
344	27.54	133	416
345	32.40	124	510
346	1.24	106	1273
347	3.49	74	684
348	8.84	160	977
349	18.73	93	578
350	14.52	48	1324
351	17.11	34	887
352	9.38	124	1322
353	13.54	33	803
354	1.39	197	822
355	32.78	51	541
356	16.34	12	1650
357	3.59	13	680
358	3.31	104	895
359	4.19	94	1174
360	19.82	95	977
361	6.99	117	1746
362	4.96	144	1541
363	7.21	122	1238
364	4.61	42	221
365	6.32	56	354
366	10.27	120	563
367	8.16	147	788
368	7.61	99	785
369	21.40	82	1030
370	7.24	93	791
371	4.37	75	525
372	12.48	85	1002
373	16.21	69	547
374	12.41	186	978
375	27.07	111	1091
376	27.79	33	855
377	17.46	90	472
378	33.96	66	362
379	10.50	85	1007
380	19.39	160	793
381	22.28	38	604
382	23.61	171	1338
383	19.54	121	489
384	10.47	154	545
385	7.20	142	629
386	8.86	100	1055
387	15.47	136	804
388	7.83	59	1498
389	25.82	135	468
390	2.53	81	1624
391	5.01	52	1144
392	0.75	69	1287
393	3.66	102	1048
394	1.75	111	748
395	10.12	61	1436
396	2.43	131	1831
397	8.60	101	1070
398	33.85	113	685
399	18.98	125	1108
400	11.36	60	1967
401	11.04	145	1413
402	2.15	65	798
403	6.54	98	1166
404	5.97	183	496
405	4.17	44	632
406	8.35	118	532
407	18.57	101	2029
408	9.18	121	812
409	3.69	44	1866
410	30.56	104	1970
411	12.18	134	1066
412	9.02	99	806
413	6.48	26	874
414	11.89	99	562
415	18.01	118	1353
416	4.57	129	934
417	3.62	116	1002
418	2.88	93	907
419	6.01	108	514
420	13.06	80	1373
421	18.65	112	516
422	3.36	134	1157
423	5.27	15	1442
424	30.77	119	1338
425	9.04	170	611
426	19.35	104	2339
427	14.30	102	658
428	4.87	99	450
429	4.47	82	880
430	6.43	86	245
431	17.70	94	980
432	15.52	103	799
433	6.94	160	737
434	11.79	85	705
435	6.27	139	1212
436	4.56	34	1053
437	5.58	79	1721
438	7.93	30	449
439	2.42	68	864
440	6.14	3	1727
441	5.78	140	1471
442	11.54	61	1179
443	14.83	132	810
444	16.83	100	1341
445	4.06	98	1738
446	6.62	125	1114
447	3.97	102	838
448	16.49	17	542
449	29.81	151	1235
450	18.34	122	927
451	15.20	19	712
452	10.56	86	1358
453	4.12	29	566
454	25.95	16	801
455	12.44	71	937
456	1.23	166	760
457	9.75	3	1192
458	7.59	131	401
459	29.98	90	930
460	20.73	37	894
461	21.34	143	1348
462	1.88	149	857
463	5.88	86	485
464	17.02	77	375
465	2.33	40	343
466	0.81	129	2696
467	16.89	39	615
468	18.31	92	718
469	15.04	97	994
470	12.35	73	1443
471	16.97	93	1711
472	4.48	76	945
473	2.64	53	1383
474	4.81	46	1690
475	17.72	85	1639
476	5.62	29	1317
477	20.31	31	825
478	22.26	29	1087
479	16.77	122	722
480	5.56	117	899
481	3.45	71	453
482	42.13	19	510
483	14.05	108	1247
484	14.08	170	1184
485	10.78	25	1472
486	21.75	77	699
487	17.99	72	118
488	9.00	122	869
489	13.67	34	1136
490	3.26	46	451
491	4.25	95	1258
492	7.01	81	748
493	17.17	158	785
494	4.41	100	453
495	6.97	69	676
496	4.30	153	1802
497	10.02	132	1279
498	26.82	10	933
499	2.47	57	896
500	35.41	9	852
501	7.45	179	665
502	15.73	46	1605
503	9.31	6	1639
504	10.00	62	1187
505	35.93	33	856
506	27.01	81	934
507	16.49	26	1153
508	33.45	131	1207
509	21.39	52	306
510	4.62	206	1199
511	5.98	121	697
512	22.63	16	1450
513	4.07	102	1146
514	7.26	75	813
515	2.44	204	1144
516	19.31	89	903
517	1.42	170	1143
518	2.86	7	1391
519	14.38	194	852
520	16.33	82	1735
521	1.47	150	643
522	11.27	100	1220
523	11.96	85	1226
524	29.23	164	1064
525	13.06	113	1331
526	12.11	79	684
527	4.15	33	637
528	8.99	95	858
529	7.38	49	718
530	10.39	66	658
531	23.66	165	809
532	5.13	42	1118
533	3.35	116	647
534	14.57	103	1699
535	5.83	49	477
536	3.76	91	995
537	19.24	17	924
538	1.99	160	1000
539	2.76	106	1187
540	2.78	194	2286
541	34.21	111	884
542	2.40	87	955
543	28.07	3	729
544	8.02	62	1536
545	7.51	67	1327
546	28.39	14	1668
547	31.83	28	1122
548	13.55	92	1051
549	18.11	93	1286
550	4.54	38	646
551	34.46	63	242
552	12.41	75	408
553	23.19	20	657
554	32.43	63	1085
555	1.33	64	629
556	57.70	69	569
557	31.97	88	502
558	13.59	81	1167
559	0.22	133	511
560	10.95	48	635
561	27.79	153	567
562	3.54	25	1432
563	15.07	22	1461
564	12.88	161	1649
565	8.44	89	736
566	10.26	73	1203
567	3.37	58	821
568	10.18	102	704
569	7.50	189	1218
570	16.82	75	1104
571	0.20	92	592
572	2.37	31	524
573	21.43	59	511
574	1.71	38	487
575	15.36	151	583
576	21.28	103	1532
577	28.81	98	381
578	7.58	106	1022
579	5.22	157	699
580	2.74	66	1422
581	19.18	92	1552
582	20.15	103	1039
583	24.05	77	1049
584	15.25	25	1380
585	14.42	128	1005
586	6.83	177	2177
587	8.56	61	487
588	1.59	126	1324
589	11.14	3	396
590	5.36	96	1715
591	21.58	90	1410
592	25.61	63	413
593	6.85	128	504
594	12.42	104	1278
595	7.17	82	651
596	1.51	118	1431
597	7.15	75	759
598	1.99	108	2491
599	12.80	121	1404
600	6.14	146	264
601	7.30	142	602
602	31.45	47	1785
603	6.57	138	719
604	8.44	61	689
605	17.64	83	479
606	17.42	96	747
607	6.70	20	483
608	7.60	105	1294
609	20.51	39	623
610	22.68	81	504
611	4.53	125	976
612	9.20	105	1344
613	1.00	84	788
614	7.63	26	829
615	4.80	120	996
616	13.94	115	648
617	15.01	47	573
618	16.88	105	1161
619	34.36	81	391
620	6.30	45	1650
621	1.97	57	287
622	21.11	65	971
623	14.10	104	876
624	12.58	34	948
625	24.63	194	597
626	11.96	119	879
627	31.17	116	785
628	18.80	40	2407
629	22.59	92	374
630	19.04	17	1039
631	13.66	127	977
632	7.74	19	983
633	13.39	59	785
634	6.27	94	1122
635	1.96	1	764
636	2.77	103	1813
637	32.73	151	800
638	8.80	67	1426
639	9.35	110	295
640	17.76	11	1359
641	10.46	98	449
642	17.71	50	1753
643	17.25	130	861
644	9.73	55	1699
645	20.04	192	980
646	14.29	93	818
647	14.90	119	2213
648	17.10	70	1231
649	6.58	115	1112
650	5.60	19	1914
651	1.15	56	403
652	1.25	106	1164
653	20.38	11	1573
654	11.72	36	615
655	13.86	77	927
656	1.11	63	1298
657	13.47	121	1974
658	19.33	122	434
659	11.91	174	1792
660	7.86	172	1242
661	11.15	8	359
662	14.57	91	926
663	3.37	110	480
664	25.05	60	1489
665	10.72	32	563
666	4.95	111	915
667	28.70	91	774
668	20.19	125	809
669	10.69	172	1086
670	18.83	50	804
671	14.12	102	902
672	5.23	139	773
673	22.01	86	888
674	16.01	67	945
675	4.62	51	834
676	1.08	78	392
677	9.29	126	1086
678	2.22	9	1055
679	38.59	72	1258
680	24.06	44	1369
681	15.09	133	1044
682	6.10	103	756
683	3.27	115	922
684	6.99	37	703
685	12.04	118	609
686	5.16	133	768
687	0.11	10	836
688	5.19	168	1638
689	10.27	43	1437
690	6.76	59	1360
691	29.44	136	1677
692	10.47	116	927
693	29.52	111	882
694	14.52	78	1042
695	9.48	126	1413
696	15.87	185	739
697	21.52	169	1319
698	17.00	47	844
699	9.01	63	705
700	16.38	213	1487
701	14.87	79	493
702	5.35	104	1045
703	7.25	66	1597
704	8.34	102	704
705	33.99	114	1312
706	1.25	113	1330
707	2.38	100	1641
708	14.79	34	498
709	6.62	189	794
710	3.37	111	886
711	14.86	106	1199
712	12.42	97	777
713	5.01	97	688
714	4.38	52	1295
715	9.97	150	854
716	16.60	34	1296
717	32.06	21	1282
718	13.44	127	800
719	0.95	28	1021
720	16.28	56	616
721	9.39	123	301
722	13.19	56	578
723	13.89	10	1316
724	1.36	111	1117
725	13.07	176	356
726	6.61	116	1074
727	32.53	61	747
728	8.13	28	898
729	37.02	74	1481
730	10.85	22	1466
731	7.07	19	1597
732	8.49	72	1079
733	3.42	196	611
734	16.21	17	1857
735	1.49	95	648
736	6.58	65	505
737	7.42	215	846
738	14.82	119	1685
739	8.10	73	599
740	14.58	95	1428
741	14.72	169	479
742	14.61	52	583
743	14.79	2	1601
744	12.89	7	1193
745	7.26	88	1278
746	21.16	99	808
747	28.28	64	1506
748	7.21	81	844
749	6.92	94	338
750	11.94	120	697
751	16.12	106	620
752	20.57	130	280
753	15.23	118	511
754	13.19	32	705
755	26.67	74	1550
756	3.92	16	551
757	4.15	76	348
758	2.44	6	534
759	7.18	49	1045
760	8.09	20	1430
761	5.64	117	1111
762	2.29	27	717
763	5.22	15	1149
764	12.69	11	2386
765	11.91	134	1015
766	25.43	103	1411
767	10.23	93	1073
768	13.68	179	377
769	2.79	101	1454
770	19.60	73	605
771	1.00	119	654
772	18.70	133	811
773	4.51	45	710
774	4.53	142	2375
775	13.19	28	1142
776	3.49	19	1298
777	13.98	185	1596
778	16.29	150	734
779	9.77	71	1556
780	2.22	97	1115
781	8.04	100	1248
782	33.71	89	1285
783	15.13	100	816
784	13.13	129	934
785	8.41	14	624
786	15.85	63	950
787	10.27	32	722
788	6.26	157	1055
789	4.87	135	1775
790	1.04	30	637
791	8.12	100	506
792	20.21	103	1596
793	3.33	71	439
794	26.94	106	1091
795	16.71	162	1671
796	4.05	11	689
797	1.83	21	1132
798	5.91	133	494
799	9.85	181	1145
800	3.54	72	1404
801	6.25	185	966
802	16.27	69	822
803	0.55	140	861
804	1.67	116	1028
805	19.15	108	400
806	7.21	40	1374
807	4.42	79	1444
808	26.40	90	823
809	6.50	120	632
810	18.94	108	1141
811	15.59	76	1538
812	10.52	105	1297
813	14.67	116	1198
814	21.65	57	443
815	10.79	136	696
816	14.16	103	1415
817	6.45	112	1003
818	7.10	26	214
819	17.62	78	523
820	0.80	89	1294
821	10.49	232	712
822	8.65	112	507
823	1.47	136	1467
824	44.54	0	350
825	24.24	76	1130
826	27.89	103	1189
827	15.93	56	816
828	3.43	90	1033
829	11.56	98	525
830	11.31	141	276
831	5.29	58	645
832	15.21	59	1086
833	23.78	32	2270
834	6.20	12	1200
835	17.81	83	2136
836	6.30	126	1772
837	32.87	79	1305
838	23.58	186	1986
839	34.24	142	191
840	7.37	9	763
841	4.97	109	2052
842	16.77	19	1305
843	4.88	107	688
844	7.63	185	1262
845	12.41	49	677
846	9.59	21	912
847	8.65	196	1258
848	4.56	81	747
849	19.08	30	507
850	8.06	71	1420
851	1.73	95	996
852	8.81	113	435
853	12.21	24	925
854	8.74	119	541
855	10.90	111	984
856	3.85	56	321
857	18.72	92	1252
858	6.22	64	594
859	2.18	100	921
860	12.85	210	1336
861	11.58	174	1939
862	10.18	90	1140
863	5.30	91	514
864	10.39	109	1634
865	8.07	25	897
866	28.87	34	1715
867	8.36	159	1039
868	6.09	7	518
869	11.18	180	1203
870	3.57	87	1110
871	11.20	30	392
872	25.02	153	471
873	9.71	34	1200
874	12.40	57	1130
875	13.98	139	1866
876	2.72	178	500
877	14.89	130	1150
878	5.44	135	838
879	20.52	78	1640
880	25.15	43	843
881	21.24	35	1239
882	9.89	85	810
883	1.57	62	1014
884	24.40	204	1539
885	7.82	158	762
886	2.70	134	794
887	1.15	71	1165
888	20.54	23	606
889	10.24	116	529
890	15.47	92	1433
891	6.38	91	752
892	1.75	44	1764
893	9.34	165	2056
894	35.54	23	1517
895	11.14	56	646
896	13.93	79	978
897	6.66	7	499
898	16.93	117	1119
899	11.75	60	1243
900	1.43	22	1122
901	13.36	62	1059
902	10.95	37	805
903	2.77	43	1015
904	9.26	36	1129
905	6.78	43	422
906	15.97	98	1294
907	1.82	125	1010
908	11.61	202	1525
909	21.95	25	1072
910	1.19	75	915
911	19.46	21	1199
912	15.95	104	925
913	4.46	164	1481
914	8.74	51	1168
915	10.17	103	458
916	10.92	191	1060
917	1.21	2	807
918	36.67	91	1648
919	34.92	122	376
920	9.89	66	1146
921	15.16	85	1149
922	4.49	69	563
923	21.76	40	1913
924	10.02	39	862
925	4.66	48	1508
926	4.31	170	1185
927	15.36	53	1811
928	0.61	81	706
929	0.23	39	1432
930	6.77	133	1621
931	14.36	24	435
932	7.87	31	496
933	0.62	126	414
934	13.21	83	733
935	6.29	75	1249
936	13.34	186	869
937	1.24	139	768
938	4.14	51	228
939	5.63	136	684
940	16.78	28	1332
941	11.15	96	1298
942	11.92	40	2063
943	15.10	101	1072
944	6.93	45	631
945	8.07	137	954
946	41.16	143	1579
947	14.46	83	1177
948	14.87	11	1856
949	26.84	53	3022
950	8.17	3	1532
951	18.91	89	734
952	17.08	61	1112
953	7.35	165	996
954	6.25	104	879
955	3.55	107	200
956	6.72	152	707
957	17.54	99	871
958	4.00	92	774
959	8.35	88	1343
960	8.61	98	575
961	34.89	157	1248
962	4.81	72	692
963	4.68	40	1310
964	13.16	11	448
965	19.45	46	366
966	27.38	93	977
967	3.78	51	812
968	17.28	213	1323
969	7.36	70	712
970	14.53	72	1480
971	5.41	111	851
972	4.66	165	1188
973	10.60	24	1306
974	2.84	187	1470
975	12.03	156	1197
976	23.40	104	2783
977	7.51	118	579
978	15.07	62	628
979	11.47	65	1479
980	19.96	32	1522
981	16.75	158	1480
982	11.64	61	2054
983	38.23	100	989
984	9.95	181	1227
985	17.28	119	659
986	4.82	98	583
987	5.70	89	869
988	16.69	36	1675
989	10.22	1	1350
990	2.23	97	1198
991	17.92	45	842
992	13.63	26	893
993	10.32	41	1725
994	14.97	75	229
995	10.72	61	699
996	3.76	43	879
997	24.27	111	418
998	1.74	110	966
999	2.63	67	810
1000	0.97	129	1179
1001	3.55	139	927
1002	8.32	0	924
1003	9.96	4	1060
1004	15.34	7	823
1005	9.97	122	1084
1006	15.71	31	1309
1007	0.25	157	992
1008	1.42	113	1271
1009	0.65	164	365
1010	19.07	45	626
1011	0.49	84	724
1012	9.72	162	1688
1013	1.55	91	599
1014	13.34	40	683
1015	5.90	4	1302
1016	14.33	102	779
1017	8.38	118	1174
1018	11.05	114	1851
1019	1.03	79	2074
1020	25.62	69	473
1021	19.61	111	731
1022	3.66	66	562
1023	6.59	153	826
1024	11.27	4	563
1025	4.39	1	1311
1026	10.31	149	530
1027	6.07	83	729
1028	21.17	203	926
1029	17.55	19	909
1030	7.17	102	1798
1031	9.38	52	945
1032	0.88	101	1067
1033	4.44	52	1411
1034	5.81	94	1470
1035	7.40	208	624
1036	4.35	75	936
1037	15.48	84	1692
1038	14.84	89	514
1039	13.37	129	1054
1040	7.07	27	1844
1041	4.54	229	1872
1042	13.76	92	1651
1043	20.50	75	700
1044	5.85	36	1655
1045	8.25	113	702
1046	11.58	125	639
1047	6.62	168	593
1048	12.77	94	1354
1049	7.65	100	1003
1050	6.37	2	541
1051	0.84	1	1029
1052	5.96	108	1220
1053	22.09	75	710
1054	13.57	80	1773
1055	6.87	56	1432
1056	11.70	57	1280
1057	10.51	62	1225
1058	22.34	30	1530
1059	18.53	79	1456
1060	15.83	135	1244
1061	3.69	162	727
1062	11.83	192	636
1063	12.41	82	1137
1064	17.99	47	256
1065	32.82	121	585
1066	3.65	84	938
1067	5.91	156	872
1068	3.42	116	1100
1069	6.90	150	898
1070	24.95	157	1379
1071	16.42	151	725
1072	2.50	169	849
1073	17.35	51	852
1074	20.83	24	1252
1075	17.85	81	1186
1076	24.66	85	1178
1077	9.60	74	1168
1078	0.44	15	1247
1079	3.29	181	1319
1080	2.13	112	1694
1081	21.97	154	1680
1082	2.14	67	880
1083	9.99	119	1538
1084	11.43	33	565
1085	14.01	4	978
1086	13.31	86	463
1087	11.29	120	1026
1088	15.31	56	1306
1089	13.07	166	744
1090	13.77	30	873
1091	16.37	161	797
1092	5.63	7	1059
1093	19.08	61	663
1094	7.15	45	993
1095	11.40	11	1537
1096	7.67	91	790
1097	25.61	8	513
1098	5.98	85	1110
1099	14.88	70	489
1100	18.25	76	1385
1101	32.90	104	1275
1102	17.50	173	2232
1103	11.91	89	1357
1104	14.21	153	803
1105	2.13	104	2583
1106	10.47	109	623
1107	8.42	77	1232
1108	9.89	101	689
1109	7.93	40	1029
1110	3.89	44	756
1111	27.87	89	1061
1112	10.42	7	2111
1113	1.51	64	1231
1114	7.86	115	1306
1115	12.91	54	1095
1116	7.44	46	687
1117	1.05	18	1193
1118	3.17	162	555
1119	10.26	33	598
1120	21.84	60	930
1121	12.65	71	453
1122	7.53	23	448
1123	17.94	15	1298
1124	6.77	66	976
1125	8.77	1	699
1126	7.15	147	873
1127	9.31	14	251
1128	8.66	206	1098
1129	10.26	152	866
1130	7.72	27	788
1131	3.98	81	289
1132	24.72	18	871
1133	7.44	45	383
1134	29.05	106	1731
1135	19.54	78	1002
1136	3.55	71	881
1137	9.32	76	209
1138	10.16	57	875
1139	19.74	32	1929
1140	15.73	44	371
1141	12.20	94	368
1142	4.04	188	569
1143	4.83	118	1161
1144	9.10	115	988
1145	32.38	46	1086
1146	7.07	122	699
1147	0.69	127	638
1148	8.32	113	823
1149	9.56	98	582
1150	12.16	133	832
1151	15.89	19	1117
1152	8.36	106	771
1153	32.60	76	617
1154	12.74	167	1534
1155	15.09	89	1041
1156	25.05	87	934
1157	22.75	143	563
1158	3.33	36	1190
1159	11.02	98	1340
1160	20.58	58	1140
1161	9.00	188	1145
1162	6.23	75	341
1163	0.23	43	882
1164	7.66	78	577
1165	2.08	3	213
1166	12.91	39	1194
1167	29.17	86	563
1168	18.73	71	1059
1169	11.13	70	546
1170	0.49	72	2151
1171	0.17	7	745
1172	26.42	61	1493
1173	17.50	99	897
1174	32.00	97	999
1175	28.29	37	471
1176	3.66	31	834
1177	5.30	41	708
1178	12.26	5	1290
1179	9.19	134	1205
1180	13.65	99	547
1181	11.67	158	748
1182	24.23	86	944
1183	13.03	10	1047
1184	3.94	59	678
1185	11.79	124	381
1186	3.64	49	1277
1187	14.13	137	793
1188	4.31	190	708
1189	9.94	149	791
1190	24.72	59	1395
1191	18.50	47	1051
1192	3.54	124	1581
1193	1.08	67	654
1194	20.11	80	565
1195	19.98	116	662
1196	4.17	93	1416
1197	11.19	27	658
1198	21.76	122	1183
1199	12.52	126	594
1200	2.19	11	662
1201	8.16	138	977
1202	10.26	136	961
1203	10.74	262	980
1204	3.10	34	1089
1205	2.52	14	1373
1206	5.66	41	1196
1207	3.97	113	602
1208	10.99	53	833
1209	5.30	60	657
1210	20.31	89	691
1211	8.76	112	918
1212	10.90	25	934
1213	13.48	42	1154
1214	11.86	83	986
1215	29.00	95	965
1216	10.73	64	929
1217	7.62	70	818
1218	6.34	146	1547
1219	1.98	139	1124
1220	1.03	27	935
1221	28.35	31	1535
1222	23.78	144	1813
1223	11.26	16	481
1224	20.91	60	724
1225	11.64	63	1215
1226	14.64	133	675
1227	9.42	74	897
1228	2.60	113	789
1229	15.02	75	878
1230	11.55	209	908
1231	5.44	168	437
1232	8.63	60	765
1233	12.48	107	318
1234	14.68	84	1271
1235	11.19	70	483
1236	7.34	180	866
1237	17.49	86	934
1238	8.73	3	891
1239	9.25	60	748
1240	1.48	72	813
1241	9.14	74	1072
1242	11.84	28	1215
1243	14.33	60	1323
1244	11.74	127	1572
1245	28.65	105	838
1246	26.70	58	1270
1247	5.19	70	1770
1248	6.52	51	1651
1249	15.47	66	1204
1250	21.08	97	1047
1251	8.81	164	1056
1252	0.17	178	1208
1253	11.79	124	1139
1254	18.10	99	1053
1255	10.91	128	1892
1256	14.34	61	774
1257	12.40	65	788
1258	12.09	87	476
1259	0.86	86	1458
1260	2.50	23	786
1261	14.78	46	1016
1262	6.07	74	927
1263	2.58	110	329
1264	13.54	91	1701
1265	12.40	50	1277
1266	8.84	161	816
1267	4.16	58	486
1268	5.58	98	1033
1269	12.14	191	877
1270	2.10	15	930
1271	7.69	102	787
1272	18.80	29	1398
1273	6.80	83	410
1274	13.60	46	320
1275	11.98	29	1051
1276	12.22	100	1499
1277	18.04	17	928
1278	9.33	80	664
1279	3.68	63	1003
1280	26.93	40	960
1281	12.07	167	895
1282	17.28	50	668
1283	9.90	94	424
1284	17.94	99	1773
1285	3.76	81	1132
1286	20.08	86	802
1287	14.32	28	909
1288	9.52	186	969
1289	4.50	169	723
1290	18.35	42	441
1291	11.87	103	1665
1292	16.81	188	1198
1293	19.23	60	2870
1294	13.45	40	983
1295	9.13	145	1616
1296	2.63	119	2008
1297	7.61	157	1087
1298	11.69	42	449
1299	2.82	101	512
1300	13.91	60	950
1301	20.86	115	694
1302	13.51	25	857
1303	16.55	71	462
1304	11.95	9	1231
1305	8.86	100	1245
1306	8.77	119	1634
1307	12.72	90	641
1308	3.66	116	361
1309	7.02	58	481
1310	16.06	69	439
1311	3.32	99	546
1312	0.33	44	545
1313	20.84	65	614
1314	8.31	114	531
1315	5.93	16	755
1316	8.62	31	1508
1317	34.33	22	427
1318	9.92	7	760
1319	8.85	68	715
1320	10.48	54	813
1321	2.94	96	560
1322	1.25	51	1042
1323	8.64	166	873
1324	1.12	153	1619
1325	0.23	27	1099
1326	6.16	72	1772
1327	4.78	166	448
1328	18.18	31	861
1329	6.39	86	185
1330	0.82	85	1238
1331	12.47	115	680
1332	7.70	157	339
1333	6.59	122	1325
1334	2.62	129	1360
1335	14.32	56	1378
1336	10.96	87	1203
1337	7.78	92	598
1338	5.28	19	641
1339	1.11	41	1007
1340	6.47	186	581
1341	21.65	115	934
1342	3.29	59	1866
1343	17.34	72	917
1344	16.28	167	767
1345	14.77	125	525
1346	12.03	71	740
1347	19.65	26	1587
1348	1.49	41	1079
1349	11.61	133	919
1350	4.33	149	1217
1351	5.40	85	676
1352	27.92	36	853
1353	7.07	28	1314
1354	4.74	84	569
1355	41.95	87	1175
1356	8.85	57	114
1357	15.04	41	940
1358	10.18	69	608
1359	12.51	87	1235
1360	10.22	103	861
1361	9.31	35	366
1362	5.10	45	1344
1363	3.67	68	263
1364	4.55	60	1157
1365	23.73	66	1538
1366	2.42	57	1169
1367	1.79	54	1792
1368	8.20	208	2076
1369	19.88	99	2097
1370	28.02	129	1124
1371	4.36	116	1117
1372	8.67	129	477
1373	10.82	89	749
1374	16.29	129	1120
1375	11.48	82	903
1376	1.14	20	728
1377	15.38	39	1446
1378	23.79	73	787
1379	5.23	44	956
1380	11.97	41	1185
1381	24.20	79	1039
1382	3.15	62	411
1383	21.68	52	1130
1384	3.01	127	1374
1385	0.52	159	1650
1386	9.69	55	1878
1387	10.97	188	767
1388	5.15	159	554
1389	13.53	134	1459
1390	15.08	36	879
1391	2.68	168	1031
1392	8.30	92	461
1393	7.91	22	855
1394	14.66	181	1419
1395	11.61	2	568
1396	2.10	128	722
1397	8.41	88	1145
1398	5.42	20	731
1399	16.63	18	712
1400	4.11	107	1366
1401	2.29	112	1076
1402	12.02	81	1091
1403	7.49	32	642
1404	21.75	86	384
1405	16.76	10	565
1406	20.47	188	355
1407	9.04	87	1086
1408	2.54	146	1084
1409	10.12	181	1419
1410	35.06	43	866
1411	22.02	102	694
1412	10.71	128	1296
1413	11.25	92	610
1414	12.41	159	676
1415	9.01	226	1142
1416	5.65	150	739
1417	12.74	60	1160
1418	34.76	132	1234
1419	5.76	75	743
1420	4.74	110	636
1421	13.64	40	1747
1422	8.55	127	725
1423	12.10	24	445
1424	0.77	139	1181
1425	11.24	169	709
1426	6.40	130	1321
1427	2.07	150	1222
1428	11.40	134	1702
1429	3.79	33	1236
1430	9.04	33	741
1431	18.19	109	754
1432	2.05	75	1444
1433	4.86	119	284
1434	10.59	60	881
1435	26.74	126	930
1436	7.94	86	1808
1437	5.25	86	1049
1438	0.41	31	631
1439	18.48	15	1837
1440	15.34	82	1714
1441	14.17	68	636
1442	13.86	152	1475
1443	14.28	192	831
1444	12.32	39	577
1445	2.63	43	972
1446	16.15	63	1194
1447	12.39	151	712
1448	19.12	48	414
1449	7.30	150	372
1450	9.92	13	696
1451	14.70	83	696
1452	11.17	113	409
1453	5.00	159	1473
1454	5.17	21	1058
1455	11.20	54	2199
1456	15.19	131	940
1457	12.01	114	605
1458	13.88	50	2818
1459	2.10	120	2264
1460	15.14	67	2686
1461	8.41	24	1723
1462	19.10	230	609
1463	17.71	69	538
1464	11.24	17	831
1465	2.00	35	1412
1466	13.16	34	998
1467	10.76	54	1082
1468	16.91	89	685
1469	10.09	29	901
1470	6.64	161	1080
1471	35.32	193	1232
1472	26.72	36	1337
1473	6.18	171	513
1474	8.43	147	1259
1475	19.13	172	579
1476	11.24	16	1597
1477	24.12	35	715
1478	5.53	86	1130
1479	12.91	149	1038
1480	5.07	115	867
1481	8.38	105	967
1482	1.06	157	294
1483	17.62	105	1041
1484	0.41	143	758
1485	0.93	101	1299
1486	18.82	26	344
1487	18.45	53	1119
1488	3.55	112	818
1489	14.80	68	752
1490	13.47	128	300
1491	12.09	172	788
1492	2.47	174	746
1493	8.80	152	1056
1494	17.41	25	651
1495	1.96	55	1358
1496	12.37	113	807
1497	28.69	152	441
1498	4.39	77	517
1499	17.90	138	643
1500	0.45	35	896
1501	8.23	133	1407
1502	9.80	25	692
1503	0.87	147	2078
1504	13.47	76	1004
1505	16.33	188	1702
1506	4.97	64	252
1507	24.68	103	1134
1508	13.12	111	1143
1509	17.62	155	1217
1510	23.71	127	1554
1511	8.96	172	2104
1512	4.56	126	488
1513	9.02	118	1171
1514	11.45	116	1652
1515	3.74	123	549
1516	29.77	63	726
1517	8.02	67	1025
1518	10.46	91	733
1519	9.85	84	943
1520	4.84	113	977
1521	6.92	93	979
1522	32.46	94	1891
1523	13.84	98	1903
1524	12.12	87	1142
1525	21.86	157	2530
1526	3.37	56	663
1527	6.31	52	1277
1528	5.06	144	559
1529	64.57	44	1561
1530	26.87	151	685
1531	3.49	24	957
1532	9.09	96	1083
1533	1.55	47	1200
1534	9.42	10	599
1535	7.27	132	1926
1536	7.32	94	648
1537	37.60	27	1281
1538	27.37	109	1396
1539	3.47	109	513
1540	12.67	142	968
1541	14.37	187	528
1542	24.28	71	831
1543	0.21	94	1049
1544	7.17	65	812
1545	30.94	113	1302
1546	15.99	114	571
1547	11.05	127	1458
1548	10.73	71	688
1549	8.69	68	50
1550	23.97	14	1382
1551	2.48	86	1399
1552	18.45	119	613
1553	23.82	3	1115
1554	9.84	18	1010
1555	14.93	48	1123
1556	25.47	112	850
1557	0.49	81	1712
1558	3.83	135	1778
1559	61.90	90	363
1560	8.05	118	633
1561	3.49	18	468
1562	7.45	173	887
1563	5.10	75	1026
1564	0.59	122	514
1565	2.81	67	1513
1566	9.89	46	317
1567	3.97	50	1141
1568	22.30	109	584
1569	5.95	187	963
1570	21.49	53	686
1571	13.08	171	575
1572	2.82	17	496
1573	3.93	60	544
1574	36.37	82	827
1575	13.76	160	1040
1576	2.91	8	1760
1577	7.49	93	470
1578	6.05	168	1071
1579	11.99	27	834
1580	7.05	153	658
1581	28.61	96	607
1582	7.05	70	456
1583	17.80	34	1276
1584	7.33	93	1260
1585	7.54	52	2719
1586	11.75	66	1384
1587	11.60	28	812
1588	16.34	14	1096
1589	16.17	71	1192
1590	12.28	68	928
1591	14.62	215	1076
1592	7.48	151	1209
1593	5.66	221	845
1594	19.26	113	1530
1595	5.64	161	1066
1596	2.15	88	1597
1597	7.92	93	1443
1598	8.02	36	1215
1599	13.02	18	503
1600	12.30	190	882
1601	32.28	140	554
1602	24.00	29	1139
1603	30.36	12	1262
1604	21.72	112	932
1605	1.73	136	1088
1606	8.36	167	921
1607	25.65	42	721
1608	17.74	64	987
1609	4.00	72	939
1610	4.70	90	1022
1611	26.37	191	915
1612	14.05	136	563
1613	21.87	76	1316
1614	10.48	123	647
1615	11.30	156	1166
1616	18.36	33	1372
1617	9.03	93	894
1618	13.65	105	1063
1619	23.85	91	2540
1620	6.13	33	1659
1621	20.96	44	1014
1622	4.21	144	1757
1623	25.61	186	1569
1624	16.96	136	597
1625	3.94	45	660
1626	17.00	149	1494
1627	4.89	37	791
1628	5.92	169	892
1629	6.29	139	1262
1630	18.32	149	1073
1631	13.22	5	1145
1632	4.70	78	1247
1633	22.76	51	1303
1634	8.60	180	1448
1635	20.47	53	1516
1636	1.20	99	522
1637	17.88	71	962
1638	23.97	29	1208
1639	1.23	135	956
1640	11.60	80	1083
1641	1.52	50	774
1642	8.56	164	901
1643	4.32	127	1025
1644	11.45	35	1619
1645	34.54	26	581
1646	14.86	68	751
1647	22.67	14	408
1648	6.06	35	754
1649	4.67	56	791
1650	8.12	37	2193
1651	9.01	108	713
1652	42.14	9	715
1653	30.04	3	1267
1654	16.58	33	840
1655	37.58	25	396
1656	20.51	156	2598
1657	7.05	112	1032
1658	8.95	91	994
1659	8.53	123	1020
1660	11.85	105	1611
1661	22.17	73	885
1662	5.70	123	1573
1663	0.04	89	1616
1664	15.14	44	2234
1665	19.29	94	1706
1666	16.14	41	1381
1667	18.02	140	2081
1668	20.57	15	255
1669	25.41	14	1541
1670	0.67	3	1247
1671	4.54	50	615
1672	4.62	114	913
1673	8.46	46	1107
1674	20.10	113	891
1675	9.24	81	421
1676	4.18	66	1190
1677	5.46	9	622
1678	22.68	1	786
1679	23.62	120	661
1680	3.37	96	1451
1681	15.65	120	612
1682	7.31	119	455
1683	10.08	128	690
1684	8.55	87	704
1685	5.83	18	1137
1686	2.60	101	1028
1687	19.77	22	286
1688	32.04	92	1431
1689	11.23	51	1009
1690	7.55	9	1005
1691	11.41	177	1049
1692	2.05	14	974
1693	9.14	127	994
1694	9.47	87	792
1695	19.44	84	1633
1696	7.19	74	608
1697	9.34	107	1321
1698	6.82	173	903
1699	6.05	171	960
1700	17.92	147	941
1701	7.98	56	1538
1702	9.59	160	409
1703	6.01	63	1391
1704	9.97	66	638
1705	2.63	63	1482
1706	7.79	178	1348
1707	5.15	142	1250
1708	14.99	124	1362
1709	2.42	1	352
1710	25.39	178	1061
1711	4.75	161	694
1712	6.35	66	496
1713	6.79	2	1070
1714	10.80	52	1384
1715	9.83	99	668
1716	9.38	175	453
1717	5.08	99	754
1718	11.16	190	1232
1719	7.27	145	452
1720	2.63	138	707
1721	19.70	93	710
1722	14.10	123	1155
1723	1.40	62	1055
1724	19.34	139	968
1725	8.88	111	1470
1726	29.41	22	918
1727	35.15	112	536
1728	3.47	4	676
1729	12.81	183	1456
1730	25.54	31	877
1731	16.13	167	446
1732	19.00	70	797
1733	38.13	182	902
1734	13.70	41	1036
1735	3.19	70	703
1736	14.87	67	926
1737	31.49	136	1090
1738	7.62	190	1262
1739	14.99	81	3071
1740	25.24	79	1366
1741	13.50	26	1005
1742	22.90	132	895
1743	10.75	69	1056
1744	14.96	55	546
1745	7.30	90	349
1746	7.23	160	298
1747	11.21	82	1670
1748	13.97	132	1199
1749	47.72	114	1336
1750	23.38	108	1562
1751	2.12	84	930
1752	6.79	66	2254
1753	11.12	69	764
1754	31.62	29	278
1755	20.78	221	1577
1756	5.11	64	655
1757	7.27	193	2034
1758	3.19	27	1519
1759	15.35	68	833
1760	14.45	22	679
1761	14.54	64	2718
1762	19.41	143	1035
1763	4.31	95	1120
1764	8.66	131	664
1765	1.44	41	1200
1766	23.12	1	657
1767	16.18	28	535
1768	8.42	280	196
1769	3.70	83	960
1770	10.42	14	917
1771	13.84	72	778
1772	10.75	39	984
1773	22.00	109	571
1774	5.13	28	784
1775	0.97	137	296
1776	7.78	124	1651
1777	10.03	74	1200
1778	6.49	44	1393
1779	7.35	99	1185
1780	10.87	150	764
1781	4.76	83	2214
1782	10.00	125	781
1783	18.93	166	1839
1784	35.27	95	753
1785	15.70	48	1423
1786	5.51	103	481
1787	41.55	75	547
1788	35.37	34	777
1789	11.47	78	534
1790	17.82	52	1361
1791	5.61	29	547
1792	17.61	61	618
1793	18.09	47	397
1794	8.68	81	870
1795	8.20	86	1013
1796	11.80	6	299
1797	1.33	128	1449
1798	7.00	156	287
1799	17.91	185	635
1800	11.53	141	943
1801	14.92	98	2200
1802	4.11	58	1440
1803	2.08	68	815
1804	4.54	13	217
1805	4.43	98	1656
1806	24.43	59	864
1807	2.86	84	1004
1808	29.14	106	1232
1809	5.89	69	806
1810	10.96	16	1554
1811	9.42	65	603
1812	13.85	86	887
1813	13.08	112	532
1814	11.24	100	1467
1815	9.32	144	886
1816	36.68	106	1320
1817	5.19	22	643
1818	8.99	2	987
1819	1.06	128	851
1820	6.34	97	579
1821	9.08	18	399
1822	6.46	30	427
1823	21.08	3	488
1824	4.59	92	1317
1825	8.92	56	1793
1826	4.59	82	1033
1827	16.20	148	1151
1828	6.29	83	1291
1829	22.97	107	1143
1830	13.77	32	1138
1831	13.10	149	1083
1832	6.53	167	571
1833	9.57	69	801
1834	3.54	84	870
1835	6.16	60	883
1836	8.54	59	1238
1837	8.45	75	1143
1838	6.09	18	740
1839	7.74	6	826
1840	5.27	45	586
1841	16.43	148	434
1842	8.04	63	1080
1843	25.14	94	896
1844	12.76	195	756
1845	23.40	114	469
1846	1.82	119	760
1847	4.90	172	1897
1848	29.04	189	1508
1849	8.63	87	1081
1850	9.59	148	889
1851	8.13	196	816
1852	5.80	82	842
1853	22.87	34	1077
1854	18.45	95	1510
1855	8.47	55	1079
1856	10.60	137	817
1857	6.94	61	624
1858	10.85	138	2216
1859	2.27	241	1767
1860	26.30	119	743
1861	2.80	111	1220
1862	12.72	182	1508
1863	7.58	157	736
1864	29.57	51	947
1865	6.36	27	650
1866	2.06	126	454
1867	22.87	48	1760
1868	3.69	116	507
1869	16.29	108	1031
1870	22.75	73	807
1871	16.97	99	1529
1872	3.80	171	996
1873	10.80	44	629
1874	14.63	74	820
1875	22.04	100	542
1876	7.42	157	543
1877	22.57	51	585
1878	15.02	147	890
1879	7.05	15	2221
1880	16.93	25	568
1881	9.54	129	682
1882	7.20	53	633
1883	4.95	40	1169
1884	7.87	176	779
1885	4.78	167	863
1886	9.02	33	365
1887	27.21	186	583
1888	8.35	120	1033
1889	19.07	108	1146
1890	8.09	110	1033
1891	3.72	20	1101
1892	6.19	33	1060
1893	3.77	140	1426
1894	14.17	126	851
1895	17.21	123	1141
1896	7.43	98	611
1897	3.73	10	1644
1898	1.83	47	1589
1899	30.24	48	735
1900	11.83	198	844
1901	14.25	18	420
1902	21.69	66	729
1903	33.07	183	346
1904	15.28	106	841
1905	7.62	47	907
1906	22.41	25	1183
1907	8.53	41	1204
1908	3.62	127	1176
1909	7.56	126	806
1910	31.96	30	543
1911	41.17	67	357
1912	10.67	33	709
1913	10.52	89	1036
1914	14.86	39	854
1915	34.56	11	877
1916	11.54	92	923
1917	16.74	161	1657
1918	4.50	27	423
1919	16.72	88	639
1920	32.05	100	663
1921	20.12	150	881
1922	2.27	127	863
1923	20.23	112	669
1924	6.11	33	1863
1925	15.24	128	1937
1926	4.85	180	1241
1927	30.89	47	904
1928	9.65	70	578
1929	14.72	92	1076
1930	20.56	123	1073
1931	5.49	95	755
1932	14.25	48	266
1933	5.65	141	539
1934	13.59	131	782
1935	12.92	113	938
1936	26.03	72	449
1937	13.75	105	1223
1938	16.66	8	600
1939	9.76	72	1265
1940	7.75	63	1552
1941	4.32	25	632
1942	12.81	149	993
1943	27.71	148	1477
1944	19.65	78	751
1945	8.24	219	873
1946	5.15	107	580
1947	13.12	125	961
1948	18.48	180	869
1949	11.35	10	976
1950	6.87	12	1004
1951	9.58	61	870
1952	7.60	145	907
1953	9.38	112	1098
1954	6.82	127	1323
1955	19.66	144	1901
1956	18.41	171	968
1957	16.38	3	1190
1958	6.01	204	694
1959	10.12	116	1096
1960	7.45	106	596
1961	15.83	109	848
1962	11.07	59	1247
1963	0.84	141	1634
1964	49.85	97	677
1965	8.29	86	2564
1966	11.46	189	953
1967	14.13	119	758
1968	5.51	88	508
1969	2.89	65	1014
1970	2.97	39	1103
1971	23.65	75	648
1972	19.25	100	716
1973	12.18	111	701
1974	1.14	162	863
1975	3.51	122	785
1976	26.23	20	1237
1977	19.83	89	1161
1978	12.26	85	1486
1979	3.36	9	745
1980	13.16	132	623
1981	18.36	106	654
1982	11.47	75	1178
1983	31.76	21	753
1984	14.21	32	990
1985	11.58	51	908
1986	7.78	149	736
1987	7.89	49	907
1988	10.43	149	937
1989	8.32	27	1357
1990	3.40	61	344
1991	6.14	50	673
1992	13.57	81	914
1993	29.69	66	1746
