6
6
6	Reactive	Informative	Tempestive	100000	500KiB	100%	1,00000	0%	0	1	2h6min4s	57s	0	100000	100	99900	0	100	3	97	100	100	100	100	1000	3	0	4	391	0,97000	0,02913	0,00000	0,00100	0,10000	
6
6
6	Reactive	Informative	Tempestive	100000	500KiB	100%	1,00000	0%	0	1	2h6min4s	19s	0	100000	100	99900	0	100	3	97	100	100	100	100	1000	3	0	4	391	0,97000	0,02913	0,00000	0,00100	0,10000	
6	Reactive	Informative	Tempestive	100000	500KiB	100%	1,00000	0%	0	1	3h6min4s	26s	1	100000	100	99900	0	0	0	100	100	100	100	200	1000	0	0	4	400	1,00000	0,00000	0,00000	0,00100	0,20000	
6	Reactive	Informative	Tempestive	100000	500KiB	100%	1,00000	0%	0	1	4h6min4s	33s	2	100000	100	99900	0	0	0	100	100	100	100	300	1000	0	0	4	400	1,00000	0,00000	0,00000	0,00100	0,30000	
6	Reactive	Informative	Tempestive	100000	500KiB	100%	1,00000	0%	0	1	5h6min4s	40s	3	100000	100	99900	0	0	0	100	100	100	100	400	1000	0	0	4	400	1,00000	0,00000	0,00000	0,00100	0,40000	
6	Reactive	Informative	Tempestive	100000	500KiB	100%	1,00000	0%	0	1	6h6min4s	47s	4	100000	100	99900	0	0	0	100	100	100	100	500	1000	0	0	4	400	1,00000	0,00000	0,00000	0,00100	0,50000	
6	Reactive	Informative	Tempestive	100000	500KiB	100%	1,00000	0%	0	1	7h6min4s	54s	5	100000	100	99900	0	0	0	100	100	100	100	600	1000	0	0	4	400	1,00000	0,00000	0,00000	0,00100	0,60000	
6	Reactive	Informative	Tempestive	100000	500KiB	100%	1,00000	0%	0	1	8h6min4s	1min1s	6	100000	100	99900	0	0	0	100	100	100	100	700	1000	0	0	4	400	1,00000	0,00000	0,00000	0,00100	0,70000	
6	Reactive	Informative	Tempestive	100000	500KiB	100%	1,00000	0%	0	1	9h6min4s	1min8s	7	100000	100	99900	0	0	0	100	100	100	100	800	1000	0	0	4	400	1,00000	0,00000	0,00000	0,00100	0,80000	
6	Reactive	Informative	Tempestive	100000	500KiB	100%	1,00000	0%	0	1	10h6min4s	1min15s	8	100000	100	99900	0	0	0	100	100	100	100	900	1000	0	0	4	400	1,00000	0,00000	0,00000	0,00100	0,90000	
6	Reactive	Informative	Tempestive	100000	500KiB	100%	1,00000	0%	0	1	11h6min4s	1min22s	9	100000	100	99900	0	0	0	100	100	100	100	1000	1000	0	0	4	400	1,00000	0,00000	0,00000	0,00100	1,00000	
6	finished									1									mean	99,70000	mean	100,00000							mean	0,99700					
6
6	Reactive	Informative	Tempestive	100000	500KiB	100%	1,00000	0%	0	1	2h6min4s	18s	0	100000	100	99900	0	100	3	97	100	100	100	100	1000	3	0	4	391	0,97000	0,02913	0,00000	0,00100	0,10000	
6	Reactive	Informative	Tempestive	100000	500KiB	100%	1,00000	0%	0	1	3h6min4s	25s	1	100000	100	99900	0	0	0	100	100	100	100	200	1000	0	0	4	400	1,00000	0,00000	0,00000	0,00100	0,20000	
6	Reactive	Informative	Tempestive	100000	500KiB	100%	1,00000	0%	0	1	4h6min4s	32s	2	100000	100	99900	0	0	0	100	100	100	100	300	1000	0	0	4	400	1,00000	0,00000	0,00000	0,00100	0,30000	
6	Reactive	Informative	Tempestive	100000	500KiB	100%	1,00000	0%	0	1	5h6min4s	39s	3	100000	100	99900	0	0	0	100	100	100	100	400	1000	0	0	4	400	1,00000	0,00000	0,00000	0,00100	0,40000	
6	Reactive	Informative	Tempestive	100000	500KiB	100%	1,00000	0%	0	1	6h6min4s	46s	4	100000	100	99900	0	0	0	100	100	100	100	500	1000	0	0	4	400	1,00000	0,00000	0,00000	0,00100	0,50000	
6	Reactive	Informative	Tempestive	100000	500KiB	100%	1,00000	0%	0	1	7h6min4s	53s	5	100000	100	99900	0	0	0	100	100	100	100	600	1000	0	0	4	400	1,00000	0,00000	0,00000	0,00100	0,60000	
6	Reactive	Informative	Tempestive	100000	500KiB	100%	1,00000	0%	0	1	8h6min4s	59s	6	100000	100	99900	0	0	0	100	100	100	100	700	1000	0	0	4	400	1,00000	0,00000	0,00000	0,00100	0,70000	
6	Reactive	Informative	Tempestive	100000	500KiB	100%	1,00000	0%	0	1	9h6min4s	1min6s	7	100000	100	99900	0	0	0	100	100	100	100	800	1000	0	0	4	400	1,00000	0,00000	0,00000	0,00100	0,80000	
6	Reactive	Informative	Tempestive	100000	500KiB	100%	1,00000	0%	0	1	10h6min4s	1min13s	8	100000	100	99900	0	0	0	100	100	100	100	900	1000	0	0	4	400	1,00000	0,00000	0,00000	0,00100	0,90000	
6	Reactive	Informative	Tempestive	100000	500KiB	100%	1,00000	0%	0	1	11h6min4s	1min20s	9	100000	100	99900	0	0	0	100	100	100	100	1000	1000	0	0	4	400	1,00000	0,00000	0,00000	0,00100	1,00000	
6	finished									1									mean	99,70000	mean	100,00000							mean	0,99700					
6
