9
9
9	Reactive	Informative	Tempestive	100000	500KiB	0%	0,00000	100%	0	1	2h6min4s	17s	0	0	0	0	100000	0	0	0	0	0	100	0	1000	8	1	4	0	0,00000	0,00000	0,00000	-nan	0,00000	
9	Reactive	Informative	Tempestive	100000	500KiB	0%	0,00000	100%	0	1	3h6min4s	37s	1	0	0	0	100000	0	0	0	0	0	100	0	1000	8	1	4	0	0,00000	0,00000	0,00000	-nan	0,00000	
9	Reactive	Informative	Tempestive	100000	500KiB	0%	0,00000	100%	0	1	4h6min4s	53s	2	0	0	0	100000	0	0	0	0	0	100	0	1000	8	1	4	0	0,00000	0,00000	0,00000	-nan	0,00000	
9	Reactive	Informative	Tempestive	100000	500KiB	0%	0,00000	100%	0	1	5h6min4s	1min9s	3	0	0	0	100000	0	0	0	0	0	100	0	1000	8	1	4	0	0,00000	0,00000	0,00000	-nan	0,00000	
9	aborted									1									mean	0,00000	mean	0,00000							mean	0,00000					
9	Reactive	Informative	Tempestive	100000	500KiB	0%	0,00000	100%	0	1	6h6min4s	1min23s	4	0	0	0	100000	0	0	0	0	0	100	0	1000	8	1	4	0	0,00000	0,00000	0,00000	-nan	0,00000	
9
9	Reactive	Informative	Tempestive	100000	500KiB	0%	0,00000	100%	0	1	2h6min4s	10s	0	0	0	0	100000	0	0	0	0	0	100	0	1000	8	1	4	0	0,00000	0,00000	0,00000	-nan	0,00000	
9	Reactive	Informative	Tempestive	100000	500KiB	0%	0,00000	100%	0	1	3h6min4s	14s	1	0	0	0	100000	0	0	0	0	0	100	0	1000	8	1	4	0	0,00000	0,00000	0,00000	-nan	0,00000	
9	Reactive	Informative	Tempestive	100000	500KiB	0%	0,00000	100%	0	1	4h6min4s	19s	2	0	0	0	100000	0	0	0	0	0	100	0	1000	8	1	4	0	0,00000	0,00000	0,00000	-nan	0,00000	
9	Reactive	Informative	Tempestive	100000	500KiB	0%	0,00000	100%	0	1	5h6min4s	24s	3	0	0	0	100000	0	0	0	0	0	100	0	1000	8	1	4	0	0,00000	0,00000	0,00000	-nan	0,00000	
9	aborted									1									mean	0,00000	mean	0,00000							mean	0,00000					
9	Reactive	Informative	Tempestive	100000	500KiB	0%	0,00000	100%	0	1	6h6min4s	28s	4	0	0	0	100000	0	0	0	0	0	100	0	1000	8	1	4	0	0,00000	0,00000	0,00000	-nan	0,00000	
9
9	Reactive	Informative	Tempestive	100000	500KiB	0%	0,00000	100%	0	1	2h6min4s	10s	0	0	0	0	100000	0	0	0	0	0	100	0	1000	8	1	4	0	0,00000	0,00000	0,00000	-nan	0,00000	
9	Reactive	Informative	Tempestive	100000	500KiB	0%	0,00000	100%	0	1	3h6min4s	15s	1	0	0	0	100000	0	0	0	0	0	100	0	1000	8	1	4	0	0,00000	0,00000	0,00000	-nan	0,00000	
9	Reactive	Informative	Tempestive	100000	500KiB	0%	0,00000	100%	0	1	4h6min4s	20s	2	0	0	0	100000	0	0	0	0	0	100	0	1000	8	1	4	0	0,00000	0,00000	0,00000	-nan	0,00000	
9	Reactive	Informative	Tempestive	100000	500KiB	0%	0,00000	100%	0	1	5h6min4s	24s	3	0	0	0	100000	0	0	0	0	0	100	0	1000	8	1	4	0	0,00000	0,00000	0,00000	-nan	0,00000	
9	aborted									1									mean	0,00000	mean	0,00000							mean	0,00000					
9	Reactive	Informative	Tempestive	100000	500KiB	0%	0,00000	100%	0	1	6h6min4s	29s	4	0	0	0	100000	0	0	0	0	0	100	0	1000	8	1	4	0	0,00000	0,00000	0,00000	-nan	0,00000	
9
9	Reactive	Informative	Tempestive	100000	500KiB	0%	0,00000	100%	0	1	2h6min4s	11s	0	0	0	0	100000	0	0	0	0	0	100	0	1000	8	1	4	0	0,00000	0,00000	0,00000	-nan	0,00000	
9	Reactive	Informative	Tempestive	100000	500KiB	0%	0,00000	100%	0	1	3h6min4s	16s	1	0	0	0	100000	0	0	0	0	0	100	0	1000	8	1	4	0	0,00000	0,00000	0,00000	-nan	0,00000	
9	Reactive	Informative	Tempestive	100000	500KiB	0%	0,00000	100%	0	1	4h6min4s	20s	2	0	0	0	100000	0	0	0	0	0	100	0	1000	8	1	4	0	0,00000	0,00000	0,00000	-nan	0,00000	
9	Reactive	Informative	Tempestive	100000	500KiB	0%	0,00000	100%	0	1	5h6min4s	25s	3	0	0	0	100000	0	0	0	0	0	100	0	1000	8	1	4	0	0,00000	0,00000	0,00000	-nan	0,00000	
9	aborted									1									mean	0,00000	mean	0,00000							mean	0,00000					
9	Reactive	Informative	Tempestive	100000	500KiB	0%	0,00000	100%	0	1	6h6min4s	30s	4	0	0	0	100000	0	0	0	0	0	100	0	1000	8	1	4	0	0,00000	0,00000	0,00000	-nan	0,00000	
9
