3
3	Reactive	Informative	Tempestive	100000	500KiB	0%	0,00000	0%	0	1	2h6min4s	9s	0	0	0	0	100000	0	0	0	0	0	100	0	1000	8	1	4	0	0,00000	0,00000	0,00000	-nan	0,00000	
3	Reactive	Informative	Tempestive	100000	500KiB	0%	0,00000	0%	0	1	3h6min4s	15s	1	0	0	0	100000	0	0	0	0	0	100	0	1000	8	1	4	0	0,00000	0,00000	0,00000	-nan	0,00000	
3	Reactive	Informative	Tempestive	100000	500KiB	0%	0,00000	0%	0	1	4h6min4s	29s	2	0	0	0	100000	0	0	0	0	0	100	0	1000	8	1	4	0	0,00000	0,00000	0,00000	-nan	0,00000	
3	Reactive	Informative	Tempestive	100000	500KiB	0%	0,00000	0%	0	1	5h6min4s	33s	3	0	0	0	100000	0	0	0	0	0	100	0	1000	8	1	4	0	0,00000	0,00000	0,00000	-nan	0,00000	
3
3	Reactive	Informative	Tempestive	100000	500KiB	0%	0,00000	0%	0	1	2h6min4s	9s	0	0	0	0	100000	0	0	0	0	0	100	0	1000	8	1	4	0	0,00000	0,00000	0,00000	-nan	0,00000	
3	Reactive	Informative	Tempestive	100000	500KiB	0%	0,00000	0%	0	1	3h6min4s	21s	1	0	0	0	100000	0	0	0	0	0	100	0	1000	8	1	4	0	0,00000	0,00000	0,00000	-nan	0,00000	
3	Reactive	Informative	Tempestive	100000	500KiB	0%	0,00000	0%	0	1	4h6min4s	33s	2	0	0	0	100000	0	0	0	0	0	100	0	1000	8	1	4	0	0,00000	0,00000	0,00000	-nan	0,00000	
3	Reactive	Informative	Tempestive	100000	500KiB	0%	0,00000	0%	0	1	5h6min4s	50s	3	0	0	0	100000	0	0	0	0	0	100	0	1000	8	1	4	0	0,00000	0,00000	0,00000	-nan	0,00000	
3	aborted									1									mean	0,00000	mean	0,00000							mean	0,00000					
3	Reactive	Informative	Tempestive	100000	500KiB	0%	0,00000	0%	0	1	6h6min4s	1min12s	4	0	0	0	100000	0	0	0	0	0	100	0	1000	8	1	4	0	0,00000	0,00000	0,00000	-nan	0,00000	
3
3	Reactive	Informative	Tempestive	100000	500KiB	0%	0,00000	0%	0	1	2h6min4s	10s	0	0	0	0	100000	0	0	0	0	0	100	0	1000	8	1	4	0	0,00000	0,00000	0,00000	-nan	0,00000	
3	Reactive	Informative	Tempestive	100000	500KiB	0%	0,00000	0%	0	1	3h6min4s	15s	1	0	0	0	100000	0	0	0	0	0	100	0	1000	8	1	4	0	0,00000	0,00000	0,00000	-nan	0,00000	
3	Reactive	Informative	Tempestive	100000	500KiB	0%	0,00000	0%	0	1	4h6min4s	19s	2	0	0	0	100000	0	0	0	0	0	100	0	1000	8	1	4	0	0,00000	0,00000	0,00000	-nan	0,00000	
3	Reactive	Informative	Tempestive	100000	500KiB	0%	0,00000	0%	0	1	5h6min4s	24s	3	0	0	0	100000	0	0	0	0	0	100	0	1000	8	1	4	0	0,00000	0,00000	0,00000	-nan	0,00000	
3	aborted									1									mean	0,00000	mean	0,00000							mean	0,00000					
3	Reactive	Informative	Tempestive	100000	500KiB	0%	0,00000	0%	0	1	6h6min4s	28s	4	0	0	0	100000	0	0	0	0	0	100	0	1000	8	1	4	0	0,00000	0,00000	0,00000	-nan	0,00000	
3
3	Reactive	Informative	Tempestive	100000	500KiB	0%	0,00000	0%	0	1	2h6min4s	10s	0	0	0	0	100000	0	0	0	0	0	100	0	1000	8	1	4	0	0,00000	0,00000	0,00000	-nan	0,00000	
3	Reactive	Informative	Tempestive	100000	500KiB	0%	0,00000	0%	0	1	3h6min4s	15s	1	0	0	0	100000	0	0	0	0	0	100	0	1000	8	1	4	0	0,00000	0,00000	0,00000	-nan	0,00000	
3	Reactive	Informative	Tempestive	100000	500KiB	0%	0,00000	0%	0	1	4h6min4s	20s	2	0	0	0	100000	0	0	0	0	0	100	0	1000	8	1	4	0	0,00000	0,00000	0,00000	-nan	0,00000	
3	Reactive	Informative	Tempestive	100000	500KiB	0%	0,00000	0%	0	1	5h6min4s	24s	3	0	0	0	100000	0	0	0	0	0	100	0	1000	8	1	4	0	0,00000	0,00000	0,00000	-nan	0,00000	
3	aborted									1									mean	0,00000	mean	0,00000							mean	0,00000					
3	Reactive	Informative	Tempestive	100000	500KiB	0%	0,00000	0%	0	1	6h6min4s	29s	4	0	0	0	100000	0	0	0	0	0	100	0	1000	8	1	4	0	0,00000	0,00000	0,00000	-nan	0,00000	
3
3	Reactive	Informative	Tempestive	100000	500KiB	0%	0,00000	0%	0	1	2h6min4s	11s	0	0	0	0	100000	0	0	0	0	0	100	0	1000	8	1	4	0	0,00000	0,00000	0,00000	-nan	0,00000	
3	Reactive	Informative	Tempestive	100000	500KiB	0%	0,00000	0%	0	1	3h6min4s	15s	1	0	0	0	100000	0	0	0	0	0	100	0	1000	8	1	4	0	0,00000	0,00000	0,00000	-nan	0,00000	
3	Reactive	Informative	Tempestive	100000	500KiB	0%	0,00000	0%	0	1	4h6min4s	20s	2	0	0	0	100000	0	0	0	0	0	100	0	1000	8	1	4	0	0,00000	0,00000	0,00000	-nan	0,00000	
3	Reactive	Informative	Tempestive	100000	500KiB	0%	0,00000	0%	0	1	5h6min4s	25s	3	0	0	0	100000	0	0	0	0	0	100	0	1000	8	1	4	0	0,00000	0,00000	0,00000	-nan	0,00000	
3	aborted									1									mean	0,00000	mean	0,00000							mean	0,00000					
3	Reactive	Informative	Tempestive	100000	500KiB	0%	0,00000	0%	0	1	6h6min4s	29s	4	0	0	0	100000	0	0	0	0	0	100	0	1000	8	1	4	0	0,00000	0,00000	0,00000	-nan	0,00000	
3
